n=6	t=2462225.500000	pn(t)=-1.021988e+000
n=9	t=2462225.500000	pn(t)=-1.021981e+000
n=12	t=2462225.500000	pn(t)=-1.021936e+000
n=15	t=2462225.500000	pn(t)=-1.023144e+000
Dades de l'asteroide apophis a la data juliana 2459146.500000 (29,11,2020):
x=6.254024e-001	y=5.515778e-001	z=-1.393458e-002